==============================================================================
 ДЕКОДИРОВАННЫЕ ТАБЛИЦЫ HN27C256G@DIP28.BIN (родная J30, формулы M30-XDF).
 Реальные физические значения. Оси карт: строки = RPM, столбцы = TP (нагрузка).
 У J30 — ОДНА пара карт (Primary). Knock-пары НЕТ (0x7800/0x7400 у M30 —
 детонационные — здесь отсутствуют). Файл сгенерирован ИИ.
==============================================================================


------------------------------------------------------------------------------
 TIMING MAP @0x7C00 — угол зажигания, градусы (eq 1.0*X). [xxx]=флаг-байт (>=128)
------------------------------------------------------------------------------
RPM\TP |   2.0   2.5   3.0   3.5   4.0   4.5   5.0   6.0   7.0   8.0   9.0  10.0  11.0  12.0  13.0  14.0
   400 |    20    20    20    20    15    15    13    10     5     2     0     0     0     0     0     0
   800 |    20    20    20    25    25    25    25    20    13     8     3     3     3     3     3     3
  1200 |    24    30    35    33    32    31    30    28    25    22    21    16    12     7     7     7
  1600 |    30    34    38    35    33    32    31    29    28    25    23    20    15    13    13    13
  1800 |    32    34    40    39    38    37    36    34    32    28    24 [149] [144] [144] [144] [144]
  2000 |    35    38    40    42    42    42    41    38    34    31    25 [149] [147] [147] [147] [147]
  2400 |    35    40    42    45    45    45    45    42    40    35    26 [150] [149] [149] [149] [149]
  2800 |    40    40    42    45    45    45    45    42    40    35    26 [149] [147] [147] [147] [147]
  3200 |    40    43    45    45    45    45    45    42    36    30    22    21    20    20    20    20
  3600 |    40    45    45    45    45    45    45    44    37    33    26    25    25    25    25    25
  4000 |    40    45    45    45    45    45    45    44    37    34    32    30    26    25    25    25
  4400 |    40    45    45    45    45    45    44    42    37    35    33    30    27    27    27    27
  4800 |    40    45    45    45    45    44    42    40    35    32    29    28    28    28    28    28
  5200 |    40    45    45    45    45    45    43    40    35    32    29    29    29    29    29    29
  5600 |    40    45    45    45    45    42    38    36    33    33    31    30    30    30    30    30
  6000 |    40    45    45    45    45    40    38    37    33    33    31    30    30    30    30    30


------------------------------------------------------------------------------
 FUEL MAP @0x7D00 — состав смеси, AFR  (X>=128 -> 1881.6/(X-64), иначе 1881.6/(X+128))
------------------------------------------------------------------------------
RPM\TP |   2.0   2.5   3.0   3.5   4.0   4.5   5.0   6.0   7.0   8.0   9.0  10.0  11.0  12.0  13.0  14.0
   400 |  14.7  14.7  14.7  14.7  14.7  14.7  14.7  14.7  14.7  14.7  14.7  14.0  13.3  13.3  13.3  13.3
   500 |  14.7  14.7  14.7  14.7  14.7  14.7  14.7  14.7  14.7  14.7  14.7  13.8  13.1  13.1  13.1  13.1
   800 |  14.7  14.7  14.5  14.5  14.6  14.6  14.7  14.7  14.7  13.9  13.5  13.1  13.1  13.1  13.1  13.1
  1200 |  14.7  14.7  14.7  14.7  14.7  14.7  14.7  14.7  14.7  13.9  13.5  13.1  13.1  13.1  13.1  13.1
  1600 |  14.7  14.7  14.7  14.7  14.7  14.7  14.7  14.7  14.7  14.0  13.9  13.1  12.7  12.7  12.7  12.7
  2000 |  14.8  14.8  14.8  14.8  14.8  14.8  14.8  14.8  14.8  14.0  13.9  13.1  12.7  12.1  12.1  12.1
  2400 |  14.8  14.8  14.8  14.8  14.8  14.9  14.9  14.9  14.8  14.8  14.0  13.5  12.7  11.9  11.9  11.9
  2800 |  14.9  14.9  14.9  14.9  14.9  14.9  15.1  14.7  14.6  14.6  14.0  13.5  12.7  12.1  12.1  12.1
  3200 |  14.8  14.8  14.8  14.7  14.7  14.7  14.7  14.7  14.6  14.1  13.9  13.6  12.7  11.9  11.9  11.9
  3600 |  14.7  14.7  14.7  14.7  14.7  14.7  14.7  14.7  14.3  14.1  13.9  13.6  12.7  11.9  11.9  11.9
  4000 |  14.7  14.7  14.7  14.7  14.7  14.7  14.7  14.7  14.1  13.6  13.4  12.5  12.5  11.6  11.6  11.6
  4400 |  14.7  14.7  14.7  14.7  14.7  14.7  14.3  13.9  13.6  13.3  12.9  12.5  12.1  11.3  11.3  11.3
  4800 |  14.7  14.7  14.7  14.7  14.7  13.8  13.8  13.8  12.9  12.5  12.1  11.8  11.6  11.3  11.3  11.3
  5200 |  13.4  13.4  13.4  13.4  13.4  13.3  13.1  12.9  12.5  12.1  11.6  11.6  11.6  11.3  10.8  10.8
  5600 |  13.1  13.1  13.1  13.1  13.1  12.9  12.7  12.5  12.4  12.2  11.5  11.1  10.8  10.5  10.5  10.5
  6000 |  12.5  12.5  12.5  12.5  12.5  12.5  12.3  12.1  11.8  11.5  11.3  11.1  10.6  10.2  10.2  10.2
  (0xC0=192 -> 14.7, флаг замкнутого цикла / стехиометрия.)


------------------------------------------------------------------------------
 VQ / ДМРВ (MAF) @0x7A70 — 64 точки, 16-бит, вход(индекс)->расход
 ФАКТ: байт-в-байт = VQ M30.
------------------------------------------------------------------------------
     125    125    125    128    142    168    207    259
     326    408    505    619    750    900   1069   1258
    1468   1702   1958   2240   2548   2883   3246   3640
    4065   4524   5016   5545   6112   6718   7364   8054
    8788   9569  10397  11276  12208  13193  14235  15335
   16495  17718  19007  20362  21787  23284  24856  26504
   28232  30042  31936  33918  35990  38154  40414  42772
   45232  47795  50466  53247  56141  59152  62282  65535


------------------------------------------------------------------------------
 ДАТЧИК ТЕМПЕРАТУРЫ ОЖ (ТОЖ) @0x7B30 — 32 точки, выход C (X-50).  = M30 байт-в-байт.
------------------------------------------------------------------------------
   205  191  150  124  110   99   91   84
    78   72   68   63   59   55   51   47
    43   40   36   32   28   24   20   16
    11    7    1   -5  -12  -23  -42  -50


------------------------------------------------------------------------------
 ОСИ (декодированы формулами M30-XDF)
------------------------------------------------------------------------------
TP Scale - Fuel   @0x7AF0: 2.00 2.50 3.00 3.50 4.00 4.50 5.00 6.00 7.00 8.00 9.00 10.00 11.00 12.00 13.00 14.00
RPM Scale - Fuel  @0x7B00: 400 500 800 1200 1600 2000 2400 2800 3200 3600 4000 4400 4800 5200 5600 6000
TP Scale - Timing @0x7B10: 2.00 2.50 3.00 3.50 4.00 4.50 5.00 6.00 7.00 8.00 9.00 10.00 11.00 12.00 13.00 14.00
RPM Scale - Timing@0x7B20: 400 800 1200 1600 1800 2000 2400 2800 3200 3600 4000 4400 4800 5200 5600 6000


------------------------------------------------------------------------------
 1D-КРИВЫЕ (сырьё; назначение — по аналогии с M30, требует подтверждения кодом)
------------------------------------------------------------------------------
  0x7E00 corr A                  :  59  59  56  53  49  42  26  17  13  12  10   6   6   6   6   6
  0x7E20 cold-start enrich? (M30):  96  96  81  64  46  32  18  11   9   7   6   6   6   6   6   6
  0x7E80 TTP min? (M30)          :  10  10  10  10  10  10   8   7   7   7   7   7   7   7   7   7
  0x7E90 TTP max? (M30)          : 106 106 106 106 110 110 113 117 117 121 121 124 124 128 132 135
  0x7EB0 warm idle? (M30)        :  43  43  35  30  25  19  10   8   7   5   3   1   0   0   0   0
  0x7EC0 cold tim.adv? (M30)     :  30  30  30  30  30  28  24  20  17  14   8   5   0   0   0   0
  0x7F30 cold idle? (M30)        :  43  43  35  30  25  21  17  11   8   5   3   1   0   0   0   0


------------------------------------------------------------------------------
 СКАЛЯРЫ ХВОСТА — сырьё J30 против декодированного M30 (адреса из M30-XDF)
 (формула та же; если raw совпал — значение то же, иначе пересчитать по коду)
------------------------------------------------------------------------------
  0x7F2B Injector K Value (M30=345)       j30 raw=  1 | m30 raw=  1 (совпало)
  0x7F88 Injector Latency (M30=0.75ms)    j30 raw= 75 | m30 raw= 75 (совпало)
  0x7F91 O2 Feedback on temp (M30=10C)    j30 raw= 60 | m30 raw= 60 (совпало)
  0x7FA5 Top Speed Limit (M30=off/255)    j30 raw=255 | m30 raw=255 (совпало)
  0x7FB4 Rev Limiter (M30=6250)           j30 raw=125 | m30 raw=125 (совпало)


==============================================================================
 КЛЮЧЕВОЕ
==============================================================================
  У J30 одна карта зажигания (0x7C00) и одна топливная (0x7D00) — детонационной
  пары НЕТ. VQ (0x7A70) и тарировка ТОЖ (0x7B30) идентичны M30. Оси и хвостовые
  скаляры декодированы формулами M30-XDF (та же платформа ECCS/HD6303).
  Отличия значений карт/скаляров = свой заводской тюн J30 (см. файл сравнения).
==============================================================================
