==============================================================================
 РАЗБОР СЫРОГО ДАМПА ЭБУ — HN27C256G@DIP28.BIN  (РОДНАЯ прошивка автора)
 Nissan Maxima J30 (1994), VG30E, АКПП.  Размер: 32768 байт = 32 КБ (27C256).
 Разбор НЕЗАВИСИМЫЙ: только по байтам, XDF НЕ открывался. Метод — как на M30/Z31.
 "Факт" = по форме/энтропии. "Гипотеза" = смысл (тип/масштаб), без XDF/кода.
 Файл сгенерирован ИИ. Сравнение с донором M30 — отдельным файлом.
==============================================================================


------------------------------------------------------------------------------
 A. ЗОНЫ ФАЙЛА                                                        [ФАКТ]
------------------------------------------------------------------------------
  0x0000 - 0x45E3   КОД программы. Шум (энтропия ~7.0). Код идёт С НАЧАЛА файла
                    (FF-паддинга в начале НЕТ) — как у M30, НЕ как у Z31.
  0x45E4 - 0x6EFF   Заливка 0x3F (63), ~10.5 КБ. Пусто. ВАЖНО: у M30 тут лежал
                    структурный блок 0x6A00-0x6EFF — у J30 эта область ПУСТА,
                    а сам блок переехал в 0x7300-0x747F (см. G).
  0x6F00 - 0x6FCF   мелкие данные + ASCII-строка (см. H, "CO.,  LTD" на 0x6FC6).
  0x6FD0 - 0x72FF   Заливка 0x3F / 0x00.
  0x7300 - 0x747F   Структурный блок (записи с инкрементным индексом, см. G).
  0x7480 - 0x74BF   мелкие скаляры/векторы блока.
  0x74C0 - 0x760F   Заливка 0xFF.
  0x7610 - 0x7FFF   Основная КАЛИБРОВКА (карты, оси, VQ, тарировки, кривые, скаляры).

  Итог: раскладка 1:1 как у M30 (код с 0x0000, база 0x8000, дефолт-заливка 0x3F,
  калибровка в 0x7Cxx-0x7Dxx). НЕ Z31-ветка.


------------------------------------------------------------------------------
 B. 2D-КАРТЫ (16x16)                                  [форма=ФАКТ, смысл=гипотеза]
------------------------------------------------------------------------------
 У J30 по ОДНОЙ карте топлива и зажигания (Knock-пары НЕТ — см. примечание).

 B1. ТОПЛИВНАЯ @ 0x7D00 (16x16) — «рич-квадрат» 192 (0xC0) + рост вправо-вниз:
        07D00  192 192 192 192 192 192 192 192 192 192 192   6  13  13  13  13
        07D10  192 192 192 192 192 192 192 192 192 192 192   8  16  16  16  16
        07D20  192 192 194 194 193 193 192 192 192   7  11  16  16  16  16  16
        07D30  192 192 192 192 192 192 192 192 192   7  11  16  16  16  16  16
        07D40  192 192 192 192 192 192 192 192 192   6   7  16  20  20  20  20
        07D50  191 191 191 191 191 191 191 191 191   6   7  16  20  28  28  28
        07D60  191 191 191 191 191 190 190 190 191 191   6  11  20  30  30  30
        07D70  190 190 190 190 190 190 189 192 193 193   6  11  20  28  28  28
        07D80  191 191 191 192 192 192 192 192 193   5   7  10  20  30  30  30
        07D90  192 192 192 192 192 192 192 192   4   5   7  10  20  30  30  30
        07DA0  192 192 192 192 192 192 192 192   5  10  12  22  22  34  34  34
        07DB0  192 192 192 192 192 192   4   7  10  14  18  23  28  38  38  38
        07DC0  192 192 192 192 192   8   8   8  18  23  28  31  34  38  38  38
        07DD0   12  12  12  12  12  14  16  18  22  28  34  34  34  39  46  46
        07DE0   16  16  16  16  16  18  20  22  24  26  36  41  47  52  52  52
        07DF0   22  22  22  22  22  22  25  28  32  35  39  42  49  56  56  56
     ГИПОТЕЗА: карта состава смеси (AFR) с флагом замкнутый/открытый цикл (0xC0).
        Единственная топливная карта (у M30 их две: Primary 0x7D00 + Knock 0x7400).

 B2. ЗАЖИГАНИЕ @ 0x7C00 (16x16) — гладкая «горб»-карта, справа флаг-байты 144-149:
        07C00   20  20  20  20  15  15  13  10   5   2   0   0   0   0   0   0
        07C10   20  20  20  25  25  25  25  20  13   8   3   3   3   3   3   3
        07C20   24  30  35  33  32  31  30  28  25  22  21  16  12   7   7   7
        07C30   30  34  38  35  33  32  31  29  28  25  23  20  15  13  13  13
        07C40   32  34  40  39  38  37  36  34  32  28  24 149 144 144 144 144
        07C50   35  38  40  42  42  42  41  38  34  31  25 149 147 147 147 147
        07C60   35  40  42  45  45  45  45  42  40  35  26 150 149 149 149 149
        07C70   40  40  42  45  45  45  45  42  40  35  26 149 147 147 147 147
        07C80   40  43  45  45  45  45  45  42  36  30  22  21  20  20  20  20
        07C90   40  45  45  45  45  45  45  44  37  33  26  25  25  25  25  25
        07CA0   40  45  45  45  45  45  45  44  37  34  32  30  26  25  25  25
        07CB0   40  45  45  45  45  45  44  42  37  35  33  30  27  27  27  27
        07CC0   40  45  45  45  45  44  42  40  35  32  29  28  28  28  28  28
        07CD0   40  45  45  45  45  45  43  40  35  32  29  29  29  29  29  29
        07CE0   40  45  45  45  45  42  38  36  33  33  31  30  30  30  30  30
        07CF0   40  45  45  45  45  40  38  37  33  33  31  30  30  30  30  30
     ГИПОТЕЗА: карта угла зажигания (значение ~= градусы). Единственная карта УОЗ
        (у M30 их две: Primary 0x7C00 + Knock 0x7800). У J30 0x7800 = заливка 0xFF.

 ПРИМЕЧАНИЕ (Knock-карты): у M30 были 0x7400 (Knock Fuel, 0xC0) и 0x7800
 (Knock Timing). У J30 0x7800 = сплошь 0xFF, второй топливной с 0xC0-флагом в
 диапазоне 0x7400-0x7CFF НЕТ. По калибровке J30 ближе к Z31 (одна пара карт).


------------------------------------------------------------------------------
 C. 16-БИТНАЯ ТАБЛИЦА — VQ / ДМРВ (MAF)                  [форма=ФАКТ]
------------------------------------------------------------------------------
  @ 0x7A70 — пары байт (big-endian), монотонная ЭКСПОНЕНТА до 65535 (64 точки):
        07A70    0 125   0 125   0 125   0 128   0 142   0 168   0 207   1   3
        07A80    1  70   1 152   1 249   2 107   2 238   3 132   4  45   4 234
        07A90    5 188   6 166   7 166   8 192   9 244  11  67  12 174  14  56
        07AA0   15 225  17 172  19 152  21 169  23 224  26  62  28 196  31 118
        07AB0   34  84  37  97  40 157  44  12  47 176  51 137  55 155  59 231
        07AC0   64 111  69  54  74  63  79 138  85  27  90 244  97  24 103 136
        07AD0  110  72 117  90 124 192 132 126 140 150 149  10 157 222 167  20
        07AE0  176 176 186 179 197  34 207 255 219  77 231  16 243  74 255 255
  ГИПОТЕЗА: тарировка расходомера воздуха (вход АЦП -> расход).
  ФАКТ: БАЙТ-В-БАЙТ совпадает с VQ-таблицей M30 @0x7A70 (та же тарировка ДМРВ).


------------------------------------------------------------------------------
 D. ТАРИРОВКИ / СЛУЖЕБНЫЕ ТАБЛИЦЫ                       [форма=ФАКТ, смысл=гипотеза]
------------------------------------------------------------------------------
 D1. ДАТЧИК ТЕМП. ОЖ (термистор) @ 0x7B30 — 32 точки, гладкий спад 255 -> 0:
        07B30  255 241 200 174 160 149 141 134 128 122 118 113 109 105 101  97
        07B40   93  90  86  82  78  74  70  66  61  57  51  45  38  27   8   0
     ФАКТ: БАЙТ-В-БАЙТ совпадает с тарировкой ТОЖ M30 @0x7B30.
 D2. Кривая @ 0x7B50 — 255x7, затем 124 90 71 59 51 44 39 35 32 (спад).
 D3. Ось/таблица @ 0x7B60 — 15 15 39 63 95 118 142 166 ... 232 (рост, dwell vs RPM).
 D4. Индексные ряды @ 0x7BA0 — 5 6 7 8 32 64 250 251 / 9 10 11 12 14 16 40 80.
 D5. Кривая @ 0x7BE0 — 75 75 70 67 60 54 46 32 30 12 6 0 ... (спад в 0).


------------------------------------------------------------------------------
 E. БЛОК ОСЕЙ @ 0x7AF0-0x7B2F (4 таблицы по 16, возрастают)          [ФАКТ]
------------------------------------------------------------------------------
  0x07AF0   16  20  24  28  32  36  40  48  56  64  72  80  88  96 104 112
  0x07B00    8  10  16  24  32  40  48  56  64  72  80  88  96 104 112 120
  0x07B10   16  20  24  28  32  36  40  48  56  64  72  80  88  96 104 112
  0x07B20    8  16  24  32  36  40  48  56  64  72  80  88  96 104 112 120
  ГИПОТЕЗА: scale-таблицы (TP/RPM) для карт топлива и зажигания.
  (практически совпадают с осями M30 @0x7AF0-0x7B2F.)


------------------------------------------------------------------------------
 F. 1D-КРИВЫЕ КОРРЕКЦИЙ / КЛАСТЕР @ 0x7E00-0x7ED0                [форма=ФАКТ]
------------------------------------------------------------------------------
  0x07E00   59  59  56  53  49  42  26  17  13  12  10   6   6   6   6   6
  0x07E10   35  35  35  35  35  35  35  26  16   0   0   0   0   0   0   0
  0x07E20   96  96  81  64  46  32  18  11   9   7   6   6   6   6   6   6
  0x07E30   84  84  84  84  84  84  80  76  72  68  64  60  60  60  60  60
  0x07E40   76  76  76  76  76  76  72  68  64  60  56  52  48  48  48  48
  0x07E50   22  22  20  19  18  16  16  16  16  16  16  16  16  16  16  16
  0x07E60  100 100  99  99  98  97  97  96  83  73  72  72  72  72  72  72
  0x07E70    0   0   0   0   0   5   5   5   5   6   5   3   3   3   2   2
  0x07E80   10  10  10  10  10  10   8   7   7   7   7   7   7   7   7   7
  0x07E90  106 106 106 106 110 110 113 117 117 121 121 124 124 128 132 135
  0x07EA0   15  15  15  15  15  15  17  20  23  25  25  25  25  25  25  25
  0x07EB0   43  43  35  30  25  19  10   8   7   5   3   1   0   0   0   0
  0x07EC0   30  30  30  30  30  28  24  20  17  14   8   5   0   0   0   0
  0x07ED0    0   0  17  35  35  35  35  35  35  35  35  35  35  35  35  35
  ГИПОТЕЗА: поправки прогрева / обогащения / ХХ / угла (как у M30 раздел F2).


------------------------------------------------------------------------------
 G. СТРУКТУРНЫЙ БЛОК 0x7300-0x747F                     [ФАКТ: структура есть]
------------------------------------------------------------------------------
  Записи с инкрементным индексом (idx во 2-м байте: 1,2,3,...19), формат
  как у M30-блока 0x6A00 (idx / 176 xxx xxx / 173 xxx). У J30 он ОДНОЙ копией
  и лежит НЕ на 0x6A00 (там пусто), а здесь:
  0x07300    0   1 128 224 225 159 255 237 255   2 255 255 255 255 255 255
  0x07310  255   3 176 228 234 255 237 224 240   4 176 229 235 255 237 225
  0x07320  241   6 176 230 236 255 237 226 242   7 176 231 237 255 237 227
  0x07330  243   8 176 232 238 255 237 228 244   9 176 233 239 255 237 229
  0x07340  245  11 128 244 246 159 255 246 255  12 112 245 247 255 246 231
  0x07350  255  13  80 242 226 159 255 230 255  14  24 243 227 233 198 255
  0x07360  255  16 104 240 241 233 168 235 255  17 255 255 255 255 255 255
  0x07370  255  18 255 255 255 255 255 255 255  19 255 255 255 255 255 255
  0x07380  255   0   0   0  11   5   0   0   0   0   0   0   0   0   0   0
  0x07390    0   0   0   0   0   0   0   0   0   0   0   0   0   0   0   0
  0x073A0    0   0   0   0  11   0   0   0   0   0   0   0   0   0  54   0
  0x073B0   96   0   0   0   3  63   0   0   0 192 191  64   0   0 255 255
  0x073C0  255 255 255 255 255 255 255 255 255 255 255 255 255 255 255 255
  0x073D0  255 255 255 255 255 255 255 255 255 255 255 255 255 255 255 255
  0x073E0  255 255 255 255 255 255 255 255 255 255 255 255 255 255 255 255
  0x073F0  255 255 255 255 255 255 255 255 255 255 255 255 255 255 255 255
  0x07400    0   1  73 224 225 233 255 237 255   2 105 224 255 159 168 255
  0x07410  255   3 176 228 234 255 173 224 240   4 176 229 235 255 173 225
  0x07420  241   6 176 230 236 255 173 226 242   7 176 231 237 255 173 227
  0x07430  243   8 176 232 238 255 173 228 244   9 176 233 239 255 173 229
  0x07440  245  11 120 244 246 233 168 238 255  12 121 245 247 233 206 231
  0x07450  255  13  80 242 226 255 255 230 255  14  24 243 227 233 198 255
  0x07460  255  16 104 240 241 233 168 235 255  17 255 255 255 255 255 255
  0x07470  255  18 255 255 255 255 255 255 255  19 255 255 255 255 255 255
  ГИПОТЕЗА (как на M30/Z31): диагностические/Consult-структуры либо
  последовательности впрыска/зажигания. Точно — только дизассемблером.


==============================================================================
 H. ПОЛНЫЙ НЕПРЕРЫВНЫЙ ДАМП ЗОНЫ ДАННЫХ 0x6A00-0x7FFF   [всё, без сокращений]
==============================================================================
  Десятичные 0..255, по 16 в строке. Подряд идущие ОДИНАКОВЫЕ строки свёрнуты
  пометкой [^ повтор xN]. Код 0x0000-0x45E3 не дампится (это программа).
  VQ-таблица (16-бит) — в районе 0x7A70.

0x06A00   63  63  63  63  63  63  63  63  63  63  63  63  63  63  63  63
          [^ повтор x79, до 0x06EFF]
0x06F00   80  82  79  71  82  65  77  77  69  68  32  66  89  32  32  32
0x06F10   32  83  46  78  65  75  65  90  65  87  65  32  32  32  32  32
0x06F20   32  69  78  71  73  78  69  32  68  69  83  73  71  78  32  32
0x06F30   32  32  32  83  69  67  84  73  79  78  32  78  79  46  55  32
0x06F40   32  78  73  83  83  65  78  32  77  79  84  79  82  32  32  32
0x06F50   32  32  32  67  79  46  44  32  76  84  68  46  32  32  32  32
0x06F60   63  63  63  63  63  63  63  63  63  63  63  63  63  63  63  63
0x06F70   32  83  46  65  75  65  73  83  72  73  32  32  32  32  32  32
0x06F80   32  68  69  83  73  71  78  32  83  69  67  84  73  79  78  32
0x06F90   32  32  32  78  79  46  50  32  32  32  32  32  32  32  32  32
0x06FA0   74  65  80  65  78  32  69  76  69  67  84  82  79  78  73  67
0x06FB0   32  67  79  78  84  82  79  76  32  83  89  83  84  69  77  83
0x06FC0   32  32  32  67  79  46  44  32  76  84  68  32  32  32  32  32
0x06FD0   63  63  63  63  63  63  63  63  63  63  63  63  63  63  63  63
          [^ повтор x50, до 0x072FF]
0x07300    0   1 128 224 225 159 255 237 255   2 255 255 255 255 255 255
0x07310  255   3 176 228 234 255 237 224 240   4 176 229 235 255 237 225
0x07320  241   6 176 230 236 255 237 226 242   7 176 231 237 255 237 227
0x07330  243   8 176 232 238 255 237 228 244   9 176 233 239 255 237 229
0x07340  245  11 128 244 246 159 255 246 255  12 112 245 247 255 246 231
0x07350  255  13  80 242 226 159 255 230 255  14  24 243 227 233 198 255
0x07360  255  16 104 240 241 233 168 235 255  17 255 255 255 255 255 255
0x07370  255  18 255 255 255 255 255 255 255  19 255 255 255 255 255 255
0x07380  255   0   0   0  11   5   0   0   0   0   0   0   0   0   0   0
0x07390    0   0   0   0   0   0   0   0   0   0   0   0   0   0   0   0
0x073A0    0   0   0   0  11   0   0   0   0   0   0   0   0   0  54   0
0x073B0   96   0   0   0   3  63   0   0   0 192 191  64   0   0 255 255
0x073C0  255 255 255 255 255 255 255 255 255 255 255 255 255 255 255 255
          [^ повтор x3, до 0x073FF]
0x07400    0   1  73 224 225 233 255 237 255   2 105 224 255 159 168 255
0x07410  255   3 176 228 234 255 173 224 240   4 176 229 235 255 173 225
0x07420  241   6 176 230 236 255 173 226 242   7 176 231 237 255 173 227
0x07430  243   8 176 232 238 255 173 228 244   9 176 233 239 255 173 229
0x07440  245  11 120 244 246 233 168 238 255  12 121 245 247 233 206 231
0x07450  255  13  80 242 226 255 255 230 255  14  24 243 227 233 198 255
0x07460  255  16 104 240 241 233 168 235 255  17 255 255 255 255 255 255
0x07470  255  18 255 255 255 255 255 255 255  19 255 255 255 255 255 255
0x07480  255   0   0   0  11   5   0   0   0   0   0   0   0   0   0   0
0x07490    0   0   0   0   0   0   0   0   0   0   0   0   0   0   0   0
0x074A0    0   0   0   0  11   0   0   0   0   0   0   0   0   0  54 255
0x074B0  255   0   0   0   3  63   0   8   0 192 191  64   0   0 255 255
0x074C0  255 255 255 255 255 255 255 255 255 255 255 255 255 255 255 255
          [^ повтор x20, до 0x0760F]
0x07610    0   0   0   0   0   0   0   0   0   0   0   0   0   0   0   0
0x07620    0   0   0   0   0   0   0   0 185 185 185 185 185 185 185 185
0x07630  185 185 185 185 185 185 185 185 185 185 185 185 185 185 185 185
0x07640    0   0   0   0   0   0   0   0   0   0 185 185 185 185 185 185
0x07650  185 185 185 185 185 185 185 185 185 185 185 185 185 185 185 185
0x07660  100 105   8   8  95 150  50 100 200   5  10 158  25  35 100  48
0x07670    0   3   0   0  72  72  10  12   3 255 255   4  25 255 255 255
0x07680    0   0   0   0   0 255   0  64   5 150   0 120 100 253   3  23
0x07690   31  44   5  50  50  10   5  10  40 140 142   4  73  73  12 120
0x076A0   40 255 255  65 255 255 255 255 255 255 255 255 255 255 255 255
0x076B0  255 255 255 255 255 255 255 255 255 255 255 255 255 255 255 255
0x076C0  255 255 255   5   0   0  23   2  56   4 255   2  50   3 110  90
0x076D0   40   1 255 255 255 255 255 255  51  51  51  41  31  20  11  11
0x076E0   16  16  32  72  96  96  96  96  16  16  16  16  16  16  16  16
0x076F0   15  15  15  15  15  15  17  20  23  25  25  25  25  25  25  25
0x07700    0   0   0  32  64  96  96  96  96  96  96  96  96  96  96  96
0x07710   64  64  64  64  40  22   0   0   0   0   0   0   0   0   0   0
0x07720    0   0   0   0   0   0   0   0   0   0   0   0   0   0   0   0
0x07730   64  64  64  64  40  22   0   0   0   0   0   0   0   0   0   0
0x07740   77  77  63  58  53  49  45  38  32  26  18  13   0   0   0   0
0x07750   29  29  29  29  29  29  29  29  29  29  13  13  13  13  13  13
0x07760   30  30  30  30  30  28  24  20  17  14   8   5   0   0   0   0
0x07770   40  40  40  40  40  40  40  40  40  40  40  40  40  40  40  40
0x07780   65 120  28  64  20  60  59  50  63  63   5  63 120 120  36  48
0x07790   40  45  10   5 150  75  10   3   3  65 235 235  63  40  40   2
0x077A0   40  64  32  56  50 103  20 102   0   0   0   0   0  48  64 120
0x077B0    0   0   0   0   0   0  32   4 255 128 100  20   2   5 255 255
0x077C0    0 255 255 255 255 255 255 255 255 255 255 255 255 255 255 255
0x077D0  255 255 255 255 255 255 255 255 255 255 255 255 255 255 255 255
0x077E0    8   8  10  30   7   0  70  15  60 120 160  40 255  80 144 144
0x077F0   85 149 144 255 255 255 255 255 255 255   0   1 255 255 255 255
0x07800  255 255 255 255 255 255 255 255 255 255 255 255 255 255 255 255
          [^ повтор x15, до 0x078FF]
0x07900    0  29  29  29  29  29  29  29  29  29  29  29  29  29  29  29
0x07910   64  64  64  64  40  22   0   0   0   0   0   0   0   0   0   0
0x07920    2   4  64  43  48  43  48  43  48  64 110  10  63  44  88  88
0x07930   44  88 132  44  88 132  10  24  48  72   5  15  50  32  10 255
0x07940    0   0   0   6  10  15  15  15  15  15  15  15  15  15  15  15
0x07950    0   0   0   4   4   7  10  10  10  10  10  10  10  10  10  10
0x07960  255 255 255 255 255 255 255 255 255 255 255 255 255 255 255 255
          [^ повтор x1, до 0x0797F]
0x07980    0   0   0   0   0   0   0   0   0   0   0   0   0   0   0   0
          [^ повтор x1, до 0x0799F]
0x079A0   32  32  32  32  32  32  32  32 255 255 255 255 255 255 255 255
          [^ повтор x1, до 0x079BF]
0x079C0    7   7   7   8  64 128 192 255 255 255 255 255 255 255 255 255
0x079D0    4   4   5   7  64 128 192 255 255 255 255 255 255 255 255 255
0x079E0  125  73  70   0   0   0   0   0   0   0   0   0  10  11   0 255
0x079F0    0  40   0  40 255 255 255 255 255 125 155  12 150  30 100 255
0x07A00   10   0  26 255 255 255 255 110 255 255   4   1   1 153  10 255
0x07A10  107 107  99  94  89  85  81  75  72  69  67  65  64  64  64  64
0x07A20   60  60  60  60  60  60  60  60  60  60  60  60  60  60  60  60
0x07A30   34  34  34  34  46  46  46  46  46  46  46  46  46  46  40  40
0x07A40   40  40  40  40  40  39  36  34  34  34  34  34  34  30  26  21
0x07A50   45  43  40  36  30  23  18   9  39  37  34  28  22  14   6   2
0x07A60   34  30  25  20  14   6   2   2  30  27  22  17  10   2   2   2
0x07A70    0 125   0 125   0 125   0 128   0 142   0 168   0 207   1   3
0x07A80    1  70   1 152   1 249   2 107   2 238   3 132   4  45   4 234
0x07A90    5 188   6 166   7 166   8 192   9 244  11  67  12 174  14  56
0x07AA0   15 225  17 172  19 152  21 169  23 224  26  62  28 196  31 118
0x07AB0   34  84  37  97  40 157  44  12  47 176  51 137  55 155  59 231
0x07AC0   64 111  69  54  74  63  79 138  85  27  90 244  97  24 103 136
0x07AD0  110  72 117  90 124 192 132 126 140 150 149  10 157 222 167  20
0x07AE0  176 176 186 179 197  34 207 255 219  77 231  16 243  74 255 255
0x07AF0   16  20  24  28  32  36  40  48  56  64  72  80  88  96 104 112
0x07B00    8  10  16  24  32  40  48  56  64  72  80  88  96 104 112 120
0x07B10   16  20  24  28  32  36  40  48  56  64  72  80  88  96 104 112
0x07B20    8  16  24  32  36  40  48  56  64  72  80  88  96 104 112 120
0x07B30  255 241 200 174 160 149 141 134 128 122 118 113 109 105 101  97
0x07B40   93  90  86  82  78  74  70  66  61  57  51  45  38  27   8   0
0x07B50  255 255 255 255 255 255 255 124  90  71  59  51  44  39  35  32
0x07B60   15  15  39  63  95 118 142 166 177 188 199 210 221 232 232 232
0x07B70  232 232 232 232 232 232 232 232 232 232 232 232 232 232 232 232
0x07B80   52  52  57  53  53  53  59  58  45  45  45  45  35  25  45  45
0x07B90    0   0   0   0   0   0   0   0   0   0   0   0   0   0   0   0
0x07BA0    5   6   7   8  32  64 250 251   9  10  11  12  14  16  40  80
0x07BB0   63  63  63  63  63  63  63  63  63  63  63  63  63  63  63  63
0x07BC0  107 107  99  94  89  85  81  75  72  69  67  65  64  64  64  64
0x07BD0  129   0   0   0  20  40  60  80  80  80  80  80  80  80  80  80
0x07BE0   75  75  70  67  60  54  46  32  30  12   6   0   0   0   0   0
0x07BF0   60  55  50  45  40  35  30  30  30  25  20  15  10  10  10  10
0x07C00   20  20  20  20  15  15  13  10   5   2   0   0   0   0   0   0
0x07C10   20  20  20  25  25  25  25  20  13   8   3   3   3   3   3   3
0x07C20   24  30  35  33  32  31  30  28  25  22  21  16  12   7   7   7
0x07C30   30  34  38  35  33  32  31  29  28  25  23  20  15  13  13  13
0x07C40   32  34  40  39  38  37  36  34  32  28  24 149 144 144 144 144
0x07C50   35  38  40  42  42  42  41  38  34  31  25 149 147 147 147 147
0x07C60   35  40  42  45  45  45  45  42  40  35  26 150 149 149 149 149
0x07C70   40  40  42  45  45  45  45  42  40  35  26 149 147 147 147 147
0x07C80   40  43  45  45  45  45  45  42  36  30  22  21  20  20  20  20
0x07C90   40  45  45  45  45  45  45  44  37  33  26  25  25  25  25  25
0x07CA0   40  45  45  45  45  45  45  44  37  34  32  30  26  25  25  25
0x07CB0   40  45  45  45  45  45  44  42  37  35  33  30  27  27  27  27
0x07CC0   40  45  45  45  45  44  42  40  35  32  29  28  28  28  28  28
0x07CD0   40  45  45  45  45  45  43  40  35  32  29  29  29  29  29  29
0x07CE0   40  45  45  45  45  42  38  36  33  33  31  30  30  30  30  30
0x07CF0   40  45  45  45  45  40  38  37  33  33  31  30  30  30  30  30
0x07D00  192 192 192 192 192 192 192 192 192 192 192   6  13  13  13  13
0x07D10  192 192 192 192 192 192 192 192 192 192 192   8  16  16  16  16
0x07D20  192 192 194 194 193 193 192 192 192   7  11  16  16  16  16  16
0x07D30  192 192 192 192 192 192 192 192 192   7  11  16  16  16  16  16
0x07D40  192 192 192 192 192 192 192 192 192   6   7  16  20  20  20  20
0x07D50  191 191 191 191 191 191 191 191 191   6   7  16  20  28  28  28
0x07D60  191 191 191 191 191 190 190 190 191 191   6  11  20  30  30  30
0x07D70  190 190 190 190 190 190 189 192 193 193   6  11  20  28  28  28
0x07D80  191 191 191 192 192 192 192 192 193   5   7  10  20  30  30  30
0x07D90  192 192 192 192 192 192 192 192   4   5   7  10  20  30  30  30
0x07DA0  192 192 192 192 192 192 192 192   5  10  12  22  22  34  34  34
0x07DB0  192 192 192 192 192 192   4   7  10  14  18  23  28  38  38  38
0x07DC0  192 192 192 192 192   8   8   8  18  23  28  31  34  38  38  38
0x07DD0   12  12  12  12  12  14  16  18  22  28  34  34  34  39  46  46
0x07DE0   16  16  16  16  16  18  20  22  24  26  36  41  47  52  52  52
0x07DF0   22  22  22  22  22  22  25  28  32  35  39  42  49  56  56  56
0x07E00   59  59  56  53  49  42  26  17  13  12  10   6   6   6   6   6
0x07E10   35  35  35  35  35  35  35  26  16   0   0   0   0   0   0   0
0x07E20   96  96  81  64  46  32  18  11   9   7   6   6   6   6   6   6
0x07E30   84  84  84  84  84  84  80  76  72  68  64  60  60  60  60  60
0x07E40   76  76  76  76  76  76  72  68  64  60  56  52  48  48  48  48
0x07E50   22  22  20  19  18  16  16  16  16  16  16  16  16  16  16  16
0x07E60  100 100  99  99  98  97  97  96  83  73  72  72  72  72  72  72
0x07E70    0   0   0   0   0   5   5   5   5   6   5   3   3   3   2   2
0x07E80   10  10  10  10  10  10   8   7   7   7   7   7   7   7   7   7
0x07E90  106 106 106 106 110 110 113 117 117 121 121 124 124 128 132 135
0x07EA0   15  15  15  15  15  15  17  20  23  25  25  25  25  25  25  25
0x07EB0   43  43  35  30  25  19  10   8   7   5   3   1   0   0   0   0
0x07EC0   30  30  30  30  30  28  24  20  17  14   8   5   0   0   0   0
0x07ED0    0   0  17  35  35  35  35  35  35  35  35  35  35  35  35  35
0x07EE0  158  42  76  72  17  18 102 125  60 224 255 255   0   0  61 112
0x07EF0   40  30 184  15  20  41   8   0 110   1  10  10  88  58 228  56
0x07F00   76   1 110  72  32   4  61 112  32  64  96 160  61 112  80   5
0x07F10  255  10 150  10   0 224 192 144  32   0   2  36 108 106 118   9
0x07F20   40  95  52  54 104  88   1 150 120  64  60   1  89  40  72  78
0x07F30   43  43  35  30  25  21  17  11   8   5   3   1   0   0   0   0
0x07F40   88  88  88  88  88  88  88  88  88  88  88  88  88  88  88  88
0x07F50   76  76  76  76  76  76  72  68  64  60  60  60  60  60  60  60
0x07F60   25  25  25  25  25  25  25  25  25  25  30  30  30  30  30  30
0x07F70   37 110  80 184  80 255 128  90 180  30 128 168 253 213 200  20
0x07F80   48  58  26  10   0   2  20 184  75 100 255 128 128  32   4  10
0x07F90   20  60  75  21  43  48 100 100 255  29  64  68  64  64   0  13
0x07FA0   53  58  64   1 104 255   3  48  30  20 105  11 128  67  60   0
0x07FB0    0  64   0  64 125 118  20  58   1  51  12  76  54 133 160  10
0x07FC0   50  50 255 255   5 251  82 110  42  64  16 145 150   1   1 255
0x07FD0  100 104 125   4  84 102  58  52  64  20  29  80  32  80  10  10
0x07FE0    0   0   0   0   0   6   0   0   6 255 131  86 197 210 197 210
0x07FF0  173 170 195  14 197 210 132  61 130 230 197 210 197 221 174  23


==============================================================================
 ИТОГ (только J30, сравнение с M30 — отдельным файлом)
==============================================================================
  Отделено: код (0x0000-0x45E3), большие заливки, структурный блок 0x7300,
  и калибровка: ОДНА топл. карта (0x7D00, флаг 0xC0), ОДНА карта зажигания
  (0x7C00), VQ/MAF 16-бит (0x7A70, = M30), тарировка ТОЖ (0x7B30, = M30),
  оси, кривые-коррекции, скаляры, векторы.
  Раскладка и сигнатуры — как у M30 (0x3F заливка, 0xC0-флаг топлива, 16-бит
  экспонента VQ, термистор-спад ТОЖ). Knock-пары НЕТ (0x7800 = 0xFF).
==============================================================================
