=======================================================================================================
 Y30 (VG30ET) — ТЮН-БЛОК Бош M7.9.7 / софт Январь 5.1-7.2 (J7.9.7, ecu-system)
 Таблицы УОЗ (опережение зажигания, градусы). Оцифровано со скринов тюн-софта.
 Столбцы = обороты (об/мин).
=======================================================================================================

 УОЗ ОТ НАПОЛНЕНИЯ  (строки = цикловое наполнение, мг/цикл)
-------------------------------------------------------------------------------------------------------
напол\об|   600   800  1000  1200  1600  2000  2520  3000  3520  4000  4520  5000  5520  6000  7000 10200
--------+------------------------------------------------------------------------------------------------
33      |  18.5  19.5  20.5    22  27.5  25.5    27    31  31.5    35  35.5  36.5    37    38    39    39
118     |  18.5  19.5  20.5    22  27.5  25.5    27    31  31.5    35  35.5  36.5    37    38    39    39
203     |  18.5  19.5  20.5    22  27.5  25.5    27    31  31.5    35  35.5  36.5    37    38    39    39
288     |  18.5    19    20    22  27.5  25.5    27    31  31.5    35  35.5  36.5    37    38    39    39
373     |    18    19    20    22    27    25    27    30  30.5    34  34.5  35.5    36    38    39    39
458     |    16    17    18    20    26  24.5  26.5  28.5    29  32.5    33    34    35  37.5  38.5  38.5
543     |  14.5  15.5  16.5  18.5    25  23.5  25.5  27.5    28  31.5    32  32.5    34    36  37.5  37.5
628     |  13.5  14.5  15.5  17.5  23.5    22  24.5    26  26.5    30    31    33  33.5  35.5    36    36
713     |  12.5  13.5  14.5  16.5    22    21  23.5  24.5  25.5    29  29.5    30    33  33.5  33.5  33.5
798     |   9.5  10.5  11.5    15    21    19  22.5  23.5    24    28  28.5  29.5    32  32.5  32.5  32.5
883     |   5.5   6.5   7.5  11.5    19  17.5  21.5    23  23.5  27.5    28    29  31.5    32    32    32
968     |     3     4     5     8  16.5  14.5    20  21.5  22.5  26.5  27.5  28.5    31  31.5  31.5  31.5
1053    |     0     1     2   5.5    15    13  16.5    18    19    24    26    27    30    31    31    31
1138    |  -0.5   0.5   1.5   3.5    11    10    15    16    17  21.5  24.5  25.5  28.5  29.5  29.5  29.5
1223    |  -1.5  -0.5   0.5   2.5   9.5    12  16.5  17.5  18.5    20  22.5  23.5    26    27    27    27
1308    |  -2.5  -1.5  -0.5   1.5     9  11.5  15.5    17    18    19    21  21.5    23  24.5    25    25

=======================================================================================================
 ЗАВОДСКАЯ КАРТА УГЛА VG30ET (Z31 @0x7C00), ПЕРЕСЕМПЛИРОВАНА НА СЕТКУ ЯНВАРЬ
 Перевод оси нагрузки: мг/цикл = Tp(мс) x 51.
   Обе оси — масса воздуха за цикл одного мотора, связь прямая через ноль.
   Наклон 51 привязан к атмосферному заряду: 0.5 л/цил при 100 кПа + стоковый наддув Z31 0.44 бар
   (Tp 15 мс = 1.44 атм -> атмосфера ~10.4 мс -> 535 мг / 10.4 = 51).
 Завод покрывает: обороты 400-5600, Tp 2-15 мс = ~100-765 мг/цикл.
 Значения внутри = линейная интерполяция заводской карты на узлы сетки Январь.
 ВНЕ покрытия по наполнению строки скопированы с ближней заводской: 33 <- 118, 883-1308 <- 798.
 Обороты 6000-10200 = 0 (завод кончается на 5600 об, данных нет).
=======================================================================================================
напол\об|   600   800  1000  1200  1600  2000  2520  3000  3520  4000  4520  5000  5520  6000  7000 10200
--------+------------------------------------------------------------------------------------------------
33      |    20    20    20    20    25    33    42    42    40    40    40    40    40     0     0     0
118     |    20    20    20    20    25    33    42    42    40    40    40    40    40     0     0     0
203     |    16    17    20    23    31    35    47    42    40    40    40    40    40     0     0     0
288     |    12  14.5    23    31    31    39    40    36  38.5    39    39    39    40     0     0     0
373     |     8  11.5    18  24.5    29  35.5  34.5  33.5  33.5    33    33  33.5    39     0     0     0
458     |     5     8  11.5    15    20    23  26.5  29.5    28    24    26  30.5    35     0     0     0
543     |   3.5     6   7.5   8.5  13.5  15.5  19.5  21.5    22  21.5  22.5    25    27     0     0     0
628     |   3.5     6     7     8  10.5  14.5    17    20  20.5  19.5    21  23.5    24     0     0     0
713     |   3.5     6     7     8     9    14  16.5  19.5    20    19  20.5    23    23     0     0     0
798     |   3.5     6     7     8     9    14  16.5  19.5    20    19  20.5    23    23     0     0     0
883     |   3.5     6     7     8     9    14  16.5  19.5    20    19  20.5    23    23     0     0     0
968     |   3.5     6     7     8     9    14  16.5  19.5    20    19  20.5    23    23     0     0     0
1053    |   3.5     6     7     8     9    14  16.5  19.5    20    19  20.5    23    23     0     0     0
1138    |   3.5     6     7     8     9    14  16.5  19.5    20    19  20.5    23    23     0     0     0
1223    |   3.5     6     7     8     9    14  16.5  19.5    20    19  20.5    23    23     0     0     0
1308    |   3.5     6     7     8     9    14  16.5  19.5    20    19  20.5    23    23     0     0     0



 УОЗ ОТ ДАВЛЕНИЯ — РЕАЛЬНАЯ, из "УОЗ от давления.cte" (на ней и ездишь, единственная активная карта)
 Шкала давления 200-2480 кПа*10 = 20-248 кПа абс = вакуум -> 1.48 бар наддува (линейно, шаг 152).
 Буст ВХОДИТ в таблицу (атмо ~100 кПа = строка 1000, между 960 и 1112). Клэмпа на атмо НЕТ.
-------------------------------------------------------------------------------------------------------
давл\об |   600   800  1000  1200  1600  2000  2520  3000  3520  4000  4520  5000  5520  6000  7000 10200
--------+------------------------------------------------------------------------------------------------
200     |  28.5  29.5  30.5  31.5    34    37  39.5    41    43    44  44.5    45  45.5  45.5  45.5  45.5
352     |    27  28.5    29    30  32.5  34.5    36  39.5    41    42    43    43  43.5  43.5    44    44
504     |  25.5    27  27.5    29    31    33    35    37  39.5  40.5    41  41.5  41.5  42.5  42.5  42.5
656     |    24  24.5    26  27.5  29.5  31.5  33.5    35  37.5    38    39  39.5    40  40.5  40.5    41
808     |  23.5  24.5    25    26  27.5  30.5    33    34    35  35.5    37    38    38    39    39    39
960     |  23.5    24  24.5    25    26  28.5  30.5    32  32.5    34  34.5  35.5    37  37.5    38    38
1112    |  22.5    23  23.5  24.5  25.5    27    29  30.5  31.5  32.5    33  33.5  34.5    35  35.5    36
1264    |  21.5  21.5    23    24  24.5    26  28.5    30  30.5    31  31.5    32    33  33.5    34  34.5
1416    |  20.5  20.5  22.5    23    24    25  27.5  28.5    29  29.5  29.5    31    32    33  33.5  34.5
1568    |    20    20  21.5    22    23    24    25    26    27  27.5    29  30.5  31.5  32.5  32.5    33
1720    |  18.5  18.5  20.5  21.5  22.5  23.5    25  25.5    27  28.5  29.5  30.5  31.5    32    32    32
1872    |    17  17.5  19.5  20.5    22    23  24.5    26    27  27.5  28.5    30    31  31.5  31.5  31.5
2024    |    15    17  18.5    20    21    22  23.5  25.5    26    27  27.5    29  30.5    31  31.5  31.5
2176    |    16    17    18  19.5  20.5  21.5  22.5  24.5    25  25.5    26  28.5    30  30.5  30.5  30.5
2328    |    16    17    18    19    20  20.5  21.5  23.5    24  24.5    25    27  28.5    29  29.5  29.5
2480    |    16    17    18    19  19.5    20    21    23  23.5    24  24.5    26  27.5  28.5  28.5  28.5


=======================================================================================================
 ГИБРИД: M30 (атмо, VG30E) до 0.3 бар и 4000 об  +  Z31 (турбо) выше — ЭКСПЕРИМЕНТ
 Логика: большая турбина, боевой наддув 0.5 бар приходит ~4к. До 4к и до 0.3 бар мотор
 фактически атмосферный -> берём злые атмо-углы M30 (макс. мощность), дальше турбо-углы Z31.
   Атмо-зона  = обороты <=4000 И наполнение <=~695 мг (0.3 бар): углы M30, мг = Tp x 38.9
                (M30 K=345, атмо-карта до WOT без наддува = 535 мг на 13.75 мс -> c=38.9).
   Турбо-зона = обороты >4000 ИЛИ наполнение >695 мг: углы Z31, мг = Tp x 51.
 Стык по наддуву (строка 628->713) — резкий провал угла (атмо-агрессия -> турбо-защита), так задумано.
 Обороты 6000-10200 = 0 (данных нет ни у кого выше 5600).
=======================================================================================================
напол\об|   600   800  1000  1200  1600  2000  2520  3000  3520  4000  4520  5000  5520  6000  7000 10200
--------+------------------------------------------------------------------------------------------------
33      |    20    20  23.5    27    28    35    35    35    35    35    40    40    40     0     0     0
118     |  17.5    20  28.5  36.5  38.5    44    48  46.5    45    45    40    40    40     0     0     0
203     |  14.5  19.5    26  32.5  38.5  45.5    46    44  41.5    41    40    40    40     0     0     0
288     |   7.5   8.5    16  23.5    31    34  34.5  35.5    35    35    39    39    40     0     0     0
373     |   1.5   2.5     7    12  16.5    25  26.5  29.5  29.5    31    33  33.5    39     0     0     0
458     |   0.5     1   3.5     6    12    25  26.5  28.5  25.5  19.5    26  30.5    35     0     0     0
543     |   0.5     1   3.5     6    12    25  26.5  28.5  25.5    19  22.5    25    27     0     0     0
628     |   0.5     1   3.5     6    12    25  26.5  28.5  25.5    19    21  23.5    24     0     0     0
713     |   3.5     6     7     8     9    14  16.5  19.5    20    19  20.5    23    23     0     0     0
798     |   3.5     6     7     8     9    14  16.5  19.5    20    19  20.5    23    23     0     0     0
883     |   3.5     6     7     8     9    14  16.5  19.5    20    19  20.5    23    23     0     0     0
968     |   3.5     6     7     8     9    14  16.5  19.5    20    19  20.5    23    23     0     0     0
1053    |   3.5     6     7     8     9    14  16.5  19.5    20    19  20.5    23    23     0     0     0
1138    |   3.5     6     7     8     9    14  16.5  19.5    20    19  20.5    23    23     0     0     0
1223    |   3.5     6     7     8     9    14  16.5  19.5    20    19  20.5    23    23     0     0     0
1308    |   3.5     6     7     8     9    14  16.5  19.5    20    19  20.5    23    23     0     0     0


=======================================================================================================
 ГИБРИД v2 (ВЕРСИЯ ИИ, СГЛАЖЕННЫЙ) — плавный кросс-фейд M30(атмо) -> Z31(турбо) по наддуву
 Обе карты на ОДНОЙ оси: мг = Tp x 51 (исправлено; в v1 был кривой c_m30=38.9 -> мусор на низах,
   верх оси M30 13.75мс — недостижимый запас атмосферника, реальный WOT ~10мс как у Z31).
 Вес: w=1 (чистый M30) до 535 мг (0 бар) -> линейно -> w=0 (чистый Z31) к 798 мг (0.5 бар, боевой).
   угол = w*M30 + (1-w)*Z31. Ступенька 0.3 бар из v1 убрана — плавный скат атмо->буст.
 Атмо-часть злее тюна намеренно: M30 сжатие ~9.0, VG30ET ~8.3 (ниже) -> off-boost запас есть.
 Низ оборотов взят с 800 (400 = стартёрный мусор).
 Обороты >5600 (6000-10200): угол -30 (жёсткий ретард выше отсечки = соф-отсечка, задано).
 Выше 798 мг (>0.5 бар): доп. ретард -1 град на каждые 7 psi наддува (строки 883-1308).
=======================================================================================================
напол\об|   600   800  1000  1200  1600  2000  2520  3000  3520  4000  4520  5000  5520  6000  7000 10200
--------+------------------------------------------------------------------------------------------------
33      |    20    20  23.5    27    28    35    35    35    35    35    35    35    35   -30   -30   -30
118     |    20    20    26  32.5  35.5  40.5  40.5  40.5  40.5  40.5  40.5  40.5  40.5   -30   -30   -30
203     |  24.5  24.5  30.5  36.5    42    46    50  47.5    45    45    45    45    45   -30   -30   -30
288     |  16.5  16.5    24  31.5  37.5    44    44    42    40  39.5  39.5  39.5  39.5   -30   -30   -30
373     |   8.5   8.5    16  23.5  31.5  34.5    35    36    35    35    35    35    35   -30   -30   -30
458     |     4     4  10.5  16.5    20  25.5    27    31    32    33    33    33    33   -30   -30   -30
543     |     1     1   4.5   7.5  13.5  24.5  26.5  28.5  26.5  25.5  26.5  28.5  29.5   -30   -30   -30
628     |     3     3   4.5   6.5  11.5    21    23  25.5  23.5    19    22  25.5    27   -30   -30   -30
713     |   4.5   4.5     6   7.5    10  17.5    20  22.5    22    19    21    24    25   -30   -30   -30
798     |     6     6     7     8     9    14  16.5  19.5    20    19  20.5    23    23   -30   -30   -30
883     |   5.5   5.5   6.5   7.5   8.5  13.5    16    19  19.5  18.5    20  22.5  22.5   -30   -30   -30
968     |   5.5   5.5   6.5   7.5   8.5  13.5    16    19  19.5  18.5    20  22.5  22.5   -30   -30   -30
1053    |     5     5     6     7     8    13  15.5  18.5    19    18  19.5    22    22   -30   -30   -30
1138    |   4.5   4.5   5.5   6.5   7.5  12.5    15    18  18.5  17.5    19  21.5  21.5   -30   -30   -30
1223    |   4.5   4.5   5.5   6.5   7.5  12.5    15    18  18.5  17.5    19  21.5  21.5   -30   -30   -30
1308    |     4     4     5     6     7    12  14.5  17.5    18    17  18.5    21    21   -30   -30   -30


=======================================================================================================
 УОЗ ОТ ДАВЛЕНИЯ — ВЕРСИЯ ИИ ОТ СТОКА, ПОЛНЫЙ ДИАПАЗОН (200-2480 = вакуум -> 1.48 бар)
 Перевод оси: Tp(мс) = MAP/10 (200=2мс/вакуум ... 1000=10мс/атмо ... 1500=15мс/0.5бар ... 2480=24.8мс).
 Вакуум->атмо (<=1000): злой M30 (мощность off-boost). Атмо->0.5бар (1000-1500): плавный свод M30->Z31.
 Выше 0.5бар (>1500): Z31 (зажат на Tp=15) + ретард -1 град/7psi (заводских данных выше 0.5 бар нет).
 Обороты >5600: донор зажат по краю (аппаратная отсечка рубит раньше). rpm-ось не подтверждена.
=======================================================================================================
давл\об |   600   800  1000  1200  1600  2000  2520  3000  3520  4000  4520  5000  5520  6000  7000 10200
--------+------------------------------------------------------------------------------------------------
200     |    20    20  24.5  28.5  30.5  36.5  36.5  36.5  36.5  36.5  36.5  36.5  36.5  36.5  36.5  36.5
352     |    20    20    29    38  41.5  45.5    50  47.5    45    45    45    45    45    45    45    45
504     |  20.5  20.5    27    33    39    46    47  45.5    42    42    42    42    42    42    42    42
656     |    12    12  19.5    27    35    39    39  38.5  37.5  37.5  37.5  37.5  37.5  37.5  37.5  37.5
808     |   5.5   5.5    13  20.5    27    30  31.5  33.5    34    34    34    34    34    34    34    34
960     |   2.5   2.5     7  11.5  16.5    25  26.5  29.5    29    31    31    31  31.5  31.5  31.5  31.5
1112    |     2     2   4.5     7    13  22.5  24.5  26.5    25  22.5  24.5    27    28  28.5  28.5  28.5
1264    |   3.5   3.5   5.5     7    11  19.5  21.5    24  22.5    19  21.5  24.5    26    26    26    26
1416    |     5     5   6.5   7.5   9.5    16  18.5    21    21    19    21  23.5    24    24    24    24
1568    |     6     6     7     8     9    14  16.5  19.5    20    19  20.5    23    23    23    23    23
1720    |   5.5   5.5   6.5   7.5   8.5  13.5    16    19  19.5  18.5    20  22.5  22.5  22.5  22.5  22.5
1872    |     5     5     6     7     8    13    16  18.5  19.5    18    20    22  22.5    22    22    22
2024    |     5     5     6     7     8    13  15.5  18.5    19    18  19.5    22    22    22    22    22
2176    |   4.5   4.5   5.5   6.5   7.5  12.5    15    18    19  17.5    19  21.5    22  21.5  21.5  21.5
2328    |   4.5   4.5   5.5   6.5   7.5  12.5    15    18  18.5  17.5    19  21.5  21.5  21.5  21.5  21.5
2480    |     4     4     5     6     7    12  14.5  17.5    18    17  18.5    21    21    21    21    21


=======================================================================================================
 УОЗ ОТ ДАВЛЕНИЯ — M30 НА НИЗАХ (до 0.3 бар) + Z31 НА БУСТЕ, ПЛАВНЫЙ СВОД  [РАБОЧИЙ ВАРИАНТ]
 Строки <=1264 (<=0.26 бар): чистый M30 (Tp=MAP/10) — злой атмо-угол, мощность off-boost.
 1264->1568 (0.26->0.5 бар): плавный свод M30->Z31 (без жёсткого стыка).
 Выше 0.5 бар: Z31 (зажат Tp=15) + ретард -1 град/7psi (заводских данных выше нет).
 Столбцы сглажены: после пика угол только падает с ростом нагрузки (провалы M30-лугинга убраны).
 На 600-800 об в бусте угол сидит на полу (1°) — этот режим недостижим (турбо там не дует).
 Обороты >=6000 (6000/7000/10200): угол -30 (жёсткий ретард, соф-отсечка).
 Твой .cte тюн в расчёт НЕ брал (он не откатан). rpm-ось не подтверждена.
=======================================================================================================
давл\об |   600   800  1000  1200  1600  2000  2520  3000  3520  4000  4520  5000  5520  6000  7000 10200
--------+------------------------------------------------------------------------------------------------
200     |    20    20  24.5  28.5  30.5  36.5  36.5  36.5  36.5  36.5  36.5  36.5  36.5   -30   -30   -30
352     |    20    20    29    38  41.5  45.5    50  47.5    45    45    45    45    45   -30   -30   -30
504     |  20.5  20.5    27    33    39    46    47  45.5    42    42    42    42    42   -30   -30   -30
656     |    12    12  19.5    27    35    39    39  38.5  37.5  37.5  37.5  37.5  37.5   -30   -30   -30
808     |   5.5   5.5    13  20.5    27    30  31.5  33.5    34    34    34    34    34   -30   -30   -30
960     |   2.5   2.5     7  11.5  16.5    25  26.5  29.5    29    31    31    31  31.5   -30   -30   -30
1112    |     1     1     4     7    13    25  26.5  28.5    26    23    25  27.5    29   -30   -30   -30
1264    |     1     1   3.5     6    12    25  26.5  28.5  25.5    19  22.5  26.5  28.5   -30   -30   -30
1416    |     1     1   3.5     6  10.5  19.5  21.5    24    23    19  21.5    25    26   -30   -30   -30
1568    |     1     1   3.5     6     9    14  16.5  19.5    20    19  20.5    23    23   -30   -30   -30
1720    |     1     1   3.5     6   8.5  13.5    16    19  19.5  18.5    20  22.5  22.5   -30   -30   -30
1872    |     1     1   3.5     6     8    13    16  18.5  19.5    18    20    22  22.5   -30   -30   -30
2024    |     1     1   3.5     6     8    13  15.5  18.5    19    18  19.5    22    22   -30   -30   -30
2176    |     1     1   3.5     6   7.5  12.5    15    18    19  17.5    19  21.5    22   -30   -30   -30
2328    |     1     1   3.5     6   7.5  12.5    15    18  18.5  17.5    19  21.5  21.5   -30   -30   -30
2480    |     1     1   3.5     6     7    12  14.5  17.5    18    17  18.5    21    21   -30   -30   -30


