===========================================================================================================================================================================
 ПОПРАВКА ЦИКЛОВОГО НАПОЛНЕНИЯ ПО ДРОССЕЛЮ (Поправка ЦН 32х16 по дросселю)
 Из "ПЦН дроссель 020726.cte", код [454C2B1D]. Значения = множитель к базовому ЦН (2 знака; точные 1/128 в .cte).
 Обороты 600..6000 (столбцы выше 6000 стёрты). Строки = дроссель, %.
===========================================================================================================================================================================
дрос\об |   600   720   800   920  1000  1120  1200  1400  1600  1800  2000  2280  2520  2760  3000  3280  3520  3760  4000  4280  4520  4760  5000  5280  5520  5760  6000
--------+------------------------------------------------------------------------------------------------------------------------------------------------------------------
0       |  0.34  0.34  0.34  0.35  0.32  0.32   0.3  0.27  0.27  0.26  0.25  0.25  0.25  0.27   0.3   0.3   0.3  0.32  0.32  0.32  0.32  0.32  0.32  0.32  0.32  0.32  0.32
2       |  0.39   0.4   0.4   0.4  0.43  0.42  0.39  0.37  0.35  0.34  0.33  0.33  0.34  0.34  0.34  0.34  0.34  0.34  0.34  0.35  0.35  0.35  0.36  0.36  0.36  0.36  0.37
4       |  0.48  0.46  0.48  0.44  0.42  0.43  0.41   0.4  0.39   0.4  0.38  0.38  0.37  0.38  0.31   0.3  0.39   0.4  0.41  0.41  0.41  0.42  0.42  0.43  0.44  0.44  0.45
6       |  0.49  0.48  0.51   0.5  0.49  0.43  0.43  0.42  0.42  0.41  0.41  0.41  0.41  0.43  0.44  0.44  0.44  0.45  0.45  0.45  0.45  0.45  0.45  0.46  0.46  0.46  0.47
8       |  0.48  0.47  0.52  0.52  0.53  0.48  0.47  0.47  0.48  0.44  0.45  0.45  0.45  0.45  0.44  0.46  0.46  0.46  0.46  0.46  0.46  0.46  0.46  0.46  0.46  0.46  0.46
10      |  0.53  0.52  0.52  0.55  0.53  0.55  0.51   0.5  0.48  0.48  0.48  0.48  0.46  0.46  0.45   0.4  0.38  0.38  0.48  0.48  0.48  0.48  0.49   0.5   0.5   0.5  0.51
14      |  0.51  0.51  0.53  0.57  0.59  0.55  0.54  0.55  0.55  0.52  0.51  0.49  0.48  0.46  0.47  0.44  0.41  0.41  0.52  0.52  0.52  0.52  0.52  0.52  0.52  0.52  0.52
18      |  0.62  0.62  0.63  0.68  0.58  0.57  0.56  0.58  0.56  0.55  0.53  0.53  0.54  0.52   0.5  0.48  0.57  0.52  0.52  0.52  0.52  0.52  0.53  0.53  0.53  0.53  0.53
23      |  0.71  0.72  0.73  0.76  0.59  0.59  0.58  0.57  0.57  0.56  0.56  0.57  0.57  0.55  0.55  0.54  0.53  0.58  0.57  0.57  0.57  0.57  0.57  0.57  0.57  0.57  0.56
29      |  0.64  0.64  0.64   0.6   0.6  0.61   0.6  0.61  0.61  0.59  0.59  0.59  0.58  0.58  0.58  0.55  0.55  0.64  0.62  0.62  0.62  0.62  0.61  0.61  0.61   0.6   0.6
37      |  0.62  0.62  0.62  0.65  0.65  0.66  0.61  0.61  0.61  0.62  0.61  0.59  0.59  0.59  0.59  0.59  0.59   0.7   0.7   0.7  0.69  0.68  0.67  0.66  0.66  0.65  0.64
46      |  0.64  0.64  0.65  0.67  0.67  0.67  0.62  0.62  0.61  0.61  0.61   0.6  0.59  0.59  0.59   0.6   0.6  0.75  0.77  0.78  0.77  0.77  0.77  0.77  0.77  0.77  0.77
56      |  0.69  0.69  0.69  0.69   0.7   0.7  0.63  0.63  0.63  0.63  0.64  0.61   0.6   0.6  0.61  0.61  0.59  0.61  0.62  0.79  0.78  0.78  0.77  0.77  0.78  0.78  0.79
66      |  0.75  0.75  0.75  0.73  0.73  0.73  0.67  0.66  0.66  0.66  0.68  0.62  0.62  0.61  0.61  0.62  0.62  0.62  0.87  0.87  0.87  0.88  0.88  0.88  0.88  0.88  0.88
80      |  0.77  0.77  0.77  0.77  0.77  0.77   0.7   0.7   0.7   0.7  0.73  0.75  0.77  0.73  0.74  0.77  0.78  0.88  0.88  0.88  0.88  0.88  0.88  0.88  0.89  0.89  0.89
100     |  0.77  0.77  0.77  0.77  0.77  0.77   0.7   0.7  0.71  0.73  0.76  0.77  0.78   0.8  0.81  0.82  0.83  0.95  0.96  0.97  0.98  0.98  0.98  0.98  0.98  0.98  0.98
