СОСТАВ СМЕСИ (целевой AFR).  Ось X = обороты (гориз.), ось Y = давление (бар, 0.00=атмо).
Таблицы друг под другом. [8DAE3736]. Z31 переведён через Tp=MAP/10.

========================================================================================
                                     ШТАТ (январь)                                      
========================================================================================
бар\об |  600  800 1000 1200 1600 2000 2520 3000 3520 4000 4520 5000 5520 6000 700010200
----------------------------------------------------------------------------------------
-0.80 | 14.4 14.4 14.4 14.4 14.6 14.8 14.9 14.9 14.8 14.3 14.1 13.4 13.0 12.6 12.5 12.5
-0.65 | 14.4 14.4 14.4 14.4 14.5 14.8 14.9 14.9 14.7 14.3 14.0 13.2 12.7 12.5 12.4 12.4
-0.50 | 14.3 14.3 14.3 14.3 14.5 14.7 14.8 14.8 14.7 14.2 13.8 13.1 12.6 12.5 12.3 12.3
-0.34 | 14.2 14.2 14.2 14.2 14.4 14.5 14.7 14.7 14.6 14.2 13.7 13.1 12.6 12.4 12.3 12.3
-0.19 | 14.1 14.1 14.1 14.1 14.2 14.3 14.4 14.4 14.2 14.0 13.6 13.1 12.6 12.2 12.1 12.1
-0.04 | 13.7 13.7 13.7 13.7 13.7 13.7 13.7 13.7 13.6 13.5 13.2 12.9 12.6 12.2 12.1 12.1
+0.11 | 13.3 13.4 13.3 13.3 13.3 13.3 13.3 13.3 13.2 13.1 12.9 12.6 12.4 12.2 12.1 12.0
+0.26 | 13.2 13.2 13.2 13.1 13.1 13.0 13.0 13.0 13.0 12.7 12.6 12.3 12.2 12.1 12.1 12.0
+0.42 | 13.0 13.0 13.0 12.9 12.9 12.8 12.6 12.6 12.5 12.5 12.4 12.3 12.1 12.1 12.1 12.0
+0.57 | 12.9 12.9 12.9 12.8 12.7 12.6 12.5 12.4 12.3 12.1 12.1 12.1 12.1 12.0 11.9 11.8
+0.72 | 12.8 12.8 12.8 12.7 12.7 12.5 12.2 12.0 12.0 11.9 12.0 12.0 11.9 11.7 11.7 11.7
+0.87 | 12.8 12.8 12.7 12.7 12.6 12.4 12.1 11.9 11.8 11.8 11.8 11.8 11.7 11.5 11.4 11.4
+1.02 | 12.8 12.8 12.7 12.7 12.6 12.3 12.1 11.8 11.7 11.7 11.6 11.5 11.4 11.3 11.1 11.1
+1.18 | 12.9 12.8 12.7 12.7 12.5 12.3 12.0 11.8 11.7 11.6 11.5 11.4 11.3 11.0 10.9 10.8
+1.33 | 12.9 12.8 12.7 12.7 12.5 12.2 12.0 11.8 11.6 11.5 11.5 11.4 11.1 10.9 10.6 10.6
+1.48 | 12.9 12.8 12.7 12.7 12.5 12.2 12.0 11.8 11.6 11.5 11.5 11.4 11.1 10.8 10.5 10.5

========================================================================================
                                      Z31 (завод)                                       
========================================================================================
бар\об |  600  800 1000 1200 1600 2000 2520 3000 3520 4000 4520 5000 5520 6000 700010200
----------------------------------------------------------------------------------------
-0.80 | 13.9 13.9 13.9 13.9 13.9 13.9 14.3 14.4 14.5 14.7 14.7 14.0 13.2 13.2 13.2 13.2
-0.65 | 13.9 13.9 14.0 14.0 14.3 14.4 14.7 14.5 14.6 14.7 14.7 14.0 13.1 12.6 12.6 12.6
-0.50 | 14.0 14.2 14.2 14.3 14.6 14.7 14.7 14.7 14.7 14.7 14.7 13.7 12.5 12.0 12.0 12.0
-0.34 | 14.1 14.3 14.5 14.6 14.7 14.7 14.7 14.4 13.7 13.7 13.2 12.4 12.0 11.6 11.6 11.6
-0.19 | 14.3 14.6 14.6 14.7 14.7 14.7 14.7 14.4 13.0 12.5 12.5 11.9 11.4 11.1 11.1 11.1
-0.04 | 13.5 12.8 13.6 14.4 14.4 14.4 14.4 13.6 12.4 12.4 12.0 11.4 11.1 10.8 10.8 10.8
+0.11 | 12.9 11.5 11.5 11.5 13.1 13.0 13.0 12.6 12.0 11.7 11.3 11.0 10.7 10.6 10.6 10.6
+0.26 | 12.9 11.5 11.5 11.5 12.3 12.4 12.1 11.7 11.3 11.2 10.7 10.6 10.6 10.6 10.6 10.6
+0.42 | 12.9 11.5 11.5 11.5 12.1 12.2 12.0 11.6 11.3 11.2 10.7 10.6 10.6 10.6 10.6 10.6
+0.57 | 12.9 11.5 11.5 11.5 12.1 12.2 12.0 11.6 11.3 11.2 10.7 10.6 10.6 10.6 10.6 10.6
+0.72 | 12.9 11.5 11.5 11.5 12.1 12.2 12.0 11.6 11.3 11.2 10.7 10.6 10.6 10.6 10.6 10.6
+0.87 | 12.9 11.5 11.5 11.5 12.1 12.2 12.0 11.6 11.3 11.2 10.7 10.6 10.6 10.6 10.6 10.6
+1.02 | 12.9 11.5 11.5 11.5 12.1 12.2 12.0 11.6 11.3 11.2 10.7 10.6 10.6 10.6 10.6 10.6
+1.18 | 12.9 11.5 11.5 11.5 12.1 12.2 12.0 11.6 11.3 11.2 10.7 10.6 10.6 10.6 10.6 10.6
+1.33 | 12.9 11.5 11.5 11.5 12.1 12.2 12.0 11.6 11.3 11.2 10.7 10.6 10.6 10.6 10.6 10.6
+1.48 | 12.9 11.5 11.5 11.5 12.1 12.2 12.0 11.6 11.3 11.2 10.7 10.6 10.6 10.6 10.6 10.6

========================================================================================
              РАЗНИЦА (ШТАТ − Z31): плюс = Z31 БОГАЧЕ, минус = Z31 БЕДНЕЕ               
========================================================================================
бар\об |  600  800 1000 1200 1600 2000 2520 3000 3520 4000 4520 5000 5520 6000 700010200
----------------------------------------------------------------------------------------
-0.80 | +0.5 +0.5 +0.5 +0.5 +0.6 +0.9 +0.6 +0.6 +0.2 -0.4 -0.6 -0.5 -0.3 -0.6 -0.8 -0.7
-0.65 | +0.4 +0.4 +0.4 +0.3 +0.3 +0.3 +0.2 +0.4 +0.1 -0.4 -0.7 -0.8 -0.3 -0.1 -0.2 -0.2
-0.50 | +0.3 +0.1 +0.1 +0.0 -0.1 -0.0 +0.1 +0.1 +0.0 -0.5 -0.8 -0.6 +0.1 +0.4 +0.2 +0.3
-0.34 | +0.2 -0.1 -0.2 -0.4 -0.3 -0.2 -0.0 +0.3 +1.0 +0.5 +0.5 +0.7 +0.7 +0.8 +0.7 +0.7
-0.19 | -0.2 -0.5 -0.5 -0.6 -0.5 -0.4 -0.3 -0.0 +1.3 +1.4 +1.0 +1.2 +1.2 +1.1 +1.0 +1.0
-0.04 | +0.2 +0.9 +0.2 -0.7 -0.7 -0.6 -0.7 +0.0 +1.2 +1.1 +1.2 +1.4 +1.5 +1.4 +1.3 +1.3
+0.11 | +0.5 +1.9 +1.9 +1.8 +0.3 +0.3 +0.3 +0.6 +1.2 +1.5 +1.5 +1.6 +1.7 +1.5 +1.4 +1.4
+0.26 | +0.4 +1.7 +1.7 +1.6 +0.8 +0.5 +0.9 +1.3 +1.7 +1.5 +1.9 +1.7 +1.6 +1.5 +1.4 +1.4
+0.42 | +0.2 +1.6 +1.5 +1.5 +0.8 +0.6 +0.7 +1.0 +1.2 +1.3 +1.7 +1.7 +1.5 +1.4 +1.4 +1.4
+0.57 | +0.0 +1.4 +1.4 +1.3 +0.7 +0.4 +0.5 +0.8 +1.0 +0.9 +1.4 +1.5 +1.4 +1.4 +1.3 +1.2
+0.72 | -0.0 +1.3 +1.3 +1.3 +0.6 +0.2 +0.2 +0.4 +0.7 +0.7 +1.3 +1.4 +1.3 +1.1 +1.0 +1.0
+0.87 | -0.0 +1.3 +1.3 +1.2 +0.5 +0.2 +0.1 +0.2 +0.5 +0.6 +1.1 +1.1 +1.0 +0.9 +0.8 +0.8
+1.02 | -0.0 +1.3 +1.3 +1.2 +0.5 +0.1 +0.1 +0.2 +0.4 +0.5 +0.9 +0.9 +0.8 +0.6 +0.4 +0.4
+1.18 | +0.0 +1.3 +1.3 +1.2 +0.5 +0.1 +0.0 +0.2 +0.3 +0.4 +0.8 +0.7 +0.6 +0.4 +0.2 +0.2
+1.33 | +0.0 +1.3 +1.3 +1.2 +0.4 +0.0 +0.0 +0.1 +0.3 +0.3 +0.8 +0.7 +0.5 +0.3 -0.0 -0.0
+1.48 | +0.0 +1.3 +1.3 +1.2 +0.4 +0.0 +0.0 +0.1 +0.3 +0.3 +0.8 +0.7 +0.5 +0.2 -0.1 -0.1
